1 16
2 81
3 256
4 625
5 1296
6 2401
7 4096
8 6561
9 10000
10 14641
11 20736
12 28561
13 38416
14 50625
15 65536
1 4
2 9
3 16
4 25
5 36
6 49
7 64
8 81
9 100
10 121
11 144
12 169
13 196
14 225
15 256
1 256
2 6561
3 65536
4 390625
5 1679616
6 5764801
7 16777216
8 43046721
9 100000000
10 214358881
11 429981696
12 815730721
13 1475789056
14 2.56289e+09
15 4.29497e+09
1 16
2 81
3 256
4 625
5 1296
6 2401
7 4096
8 6561
9 10000
10 14641
11 20736
12 28561
13 38416
14 50625
15 65536
1 4
2 9
3 16
4 25
5 36
6 49
7 64
8 81
9 100
10 121
11 144
12 169
13 196
14 225
15 256
1 256
2 6561
3 65536
4 390625
5 1679616
6 5764801
7 16777216
8 43046721
9 100000000
10 214358881
11 429981696
12 815730721
13 1475789056
14 2.56289e+09
15 4.29497e+09
1 16
2 81
3 256
4 625
5 1296
6 2401
7 4096
8 6561
9 10000
10 14641
11 20736
12 28561
13 38416
14 50625
15 65536
1 65536
2 43046721
3 4.29497e+09
4 1.52588e+11
5 2.82111e+12
6 3.32329e+13
7 2.81475e+14
8 1.85302e+15
9 1e+16
10 4.59497e+16
11 1.84884e+17
12 6.65417e+17
13 2.17795e+18
14 6.56841e+18
15 1.84468e+19
1 256
2 6561
3 65536
4 390625
5 1679616
6 5764801
7 16777216
8 43046721
9 100000000
10 214358881
11 429981696
12 815730721
13 1475789056
14 2.56289e+09
15 4.29497e+09
1 16
2 81
3 256
4 625
5 1296
6 2401
7 4096
8 6561
9 10000
10 14641
11 20736
12 28561
13 38416
14 50625
15 65536
1 4
2 9
3 16
4 25
5 36
6 49
7 64
8 81
9 100
10 121
11 144
12 169
13 196
14 225
15 256
